# Blender v2.81 (sub 16) OBJ File: 'curve_design.blend'
# www.blender.org
mtllib myCurve_2.mtl
o NurbsPath_NurbsPath.003
v -1.160231 -3.906444 6.068377
v -0.612409 -3.906407 6.068405
v -0.146024 -3.906137 6.068573
v 0.255299 -3.905365 6.068950
v 0.606233 -3.903789 6.069527
v 0.919749 -3.901066 6.070219
v 1.207111 -3.896815 6.070860
v 1.477880 -3.890621 6.071211
v 1.739914 -3.882030 6.070949
v 1.999365 -3.870552 6.069679
v 2.260683 -3.855657 6.066926
v 2.526611 -3.836780 6.062137
v 2.798192 -3.813318 6.054681
v 3.074762 -3.784632 6.043852
v 3.353961 -3.750043 6.028863
v 3.632198 -3.708869 6.008902
v 3.905921 -3.660495 5.983256
v 4.172004 -3.604403 5.951356
v 4.427751 -3.540172 5.912777
v 4.670889 -3.467474 5.867231
v 4.899579 -3.386078 5.814578
v 5.112405 -3.295851 5.754817
v 5.308383 -3.196751 5.688092
v 5.486954 -3.088834 5.614686
v 5.647992 -2.972253 5.535029
v 5.791791 -2.847253 5.449687
v 5.919082 -2.714179 5.359376
v 6.031017 -2.573467 5.264948
v 6.129148 -2.425645 5.167386
v 6.215147 -2.271264 5.067673
v 6.290571 -2.110845 4.966691
v 6.356849 -1.944878 4.865206
v 6.415282 -1.773817 4.763876
v 6.467043 -1.598087 4.663249
v 6.513178 -1.418076 4.563757
v 6.554600 -1.234142 4.465724
v 6.592098 -1.046609 4.369363
v 6.626330 -0.855769 4.274773
v 6.657828 -0.661879 4.181943
v 6.686992 -0.465165 4.090753
v 6.714096 -0.265820 4.000967
v 6.739286 -0.064003 3.912242
v 6.762616 0.140152 3.824162
v 6.784127 0.346522 3.736322
v 6.803864 0.554989 3.648354
v 6.821886 0.765442 3.559921
v 6.838253 0.977778 3.470721
v 6.853035 1.191898 3.380488
v 6.866310 1.407712 3.288988
v 6.878160 1.625133 3.196022
v 6.888678 1.844085 3.101425
v 6.897960 2.064493 3.005066
v 6.906116 2.286294 2.906849
v 6.913254 2.509427 2.806710
v 6.919497 2.733840 2.704621
v 6.924971 2.959470 2.600585
v 6.929804 3.186133 2.494629
v 6.934125 3.413448 2.386790
v 6.938059 3.640830 2.277118
v 6.941730 3.867490 2.165679
v 6.945261 4.092440 2.052547
v 6.948774 4.314486 1.937812
v 6.952389 4.532233 1.821576
v 6.956225 4.744083 1.703952
v 6.960399 4.948235 1.585068
v 6.965027 5.142687 1.465065
v 6.970224 5.325231 1.344093
v 6.976102 5.493460 1.222319
v 6.982772 5.644768 1.099921
v 6.990336 5.776542 0.977091
v 6.998874 5.886518 0.854036
v 7.008435 5.972853 0.730982
v 7.019047 6.034118 0.608170
v 7.030704 6.069308 0.485857
v 7.043382 6.077837 0.364320
v 7.057023 6.059539 0.243849
v 7.071545 6.014665 0.124752
v 7.086840 5.943888 0.007353
v 7.102774 5.848299 -0.108005
v 7.119184 5.729412 -0.220964
v 7.135881 5.589155 -0.331152
v 7.152652 5.429880 -0.438175
v 7.169251 5.254290 -0.541632
v 7.185391 5.065070 -0.641146
v 7.200732 4.864670 -0.736382
v 7.214884 4.655303 -0.827051
v 7.227402 4.438935 -0.912907
v 7.237794 4.217292 -0.993750
v 7.245512 3.991859 -1.069423
v 7.249958 3.763879 -1.139816
v 7.250482 3.534350 -1.204860
v 7.246380 3.304033 -1.264533
v 7.236900 3.073442 -1.318857
v 7.221236 2.842855 -1.367898
v 7.198529 2.612303 -1.411767
v 7.167874 2.381583 -1.450619
v 7.128378 2.150397 -1.484643
v 7.079264 1.918559 -1.514046
v 7.019880 1.686039 -1.539048
v 6.949708 1.452961 -1.559888
v 6.868360 1.219598 -1.576819
v 6.775576 0.986379 -1.590107
v 6.671224 0.753883 -1.600037
v 6.555306 0.522843 -1.606907
v 6.427950 0.294145 -1.611031
v 6.289417 0.068827 -1.612738
v 6.140093 -0.151922 -1.612372
v 5.980501 -0.366756 -1.610294
v 5.811285 -0.574182 -1.606879
v 5.633205 -0.772596 -1.602510
v 5.447032 -0.960503 -1.597550
v 5.253508 -1.136613 -1.592329
v 5.053340 -1.299846 -1.587138
v 4.847208 -1.449329 -1.582236
v 4.635756 -1.584403 -1.577843
v 4.419597 -1.704614 -1.574148
v 4.199312 -1.809721 -1.571302
v 3.975454 -1.899691 -1.569420
v 3.748537 -1.974699 -1.568583
v 3.519049 -2.035133 -1.568838
v 3.287442 -2.081588 -1.570193
v 3.054138 -2.114867 -1.572624
v 2.819529 -2.135978 -1.576070
v 2.583998 -2.145982 -1.580449
v 2.347948 -2.145809 -1.585672
v 2.111808 -2.136234 -1.591644
v 1.876030 -2.117872 -1.598268
v 1.641094 -2.091184 -1.605438
v 1.407500 -2.056476 -1.613049
v 1.175775 -2.013893 -1.620985
v 0.946472 -1.963427 -1.629130
v 0.720167 -1.904912 -1.637362
v 0.497460 -1.838027 -1.645552
v 0.278977 -1.762293 -1.653571
v 0.065368 -1.677073 -1.661280
v -0.142693 -1.581579 -1.668538
v -0.344509 -1.474919 -1.675204
v -0.539379 -1.356321 -1.681150
v -0.726600 -1.225212 -1.686269
v -0.905468 -1.081223 -1.690475
v -1.075281 -0.924189 -1.693699
v -1.235333 -0.754146 -1.695898
v -1.384919 -0.571333 -1.697046
v -1.523333 -0.376194 -1.697136
v -1.649869 -0.169374 -1.696185
v -1.763819 0.048278 -1.694229
v -1.864476 0.275711 -1.691323
v -1.951131 0.511670 -1.687545
v -2.023075 0.754697 -1.682992
v -2.079603 1.003141 -1.677781
v -2.120063 1.255281 -1.672046
v -2.143913 1.509456 -1.665930
v -2.150727 1.764081 -1.659590
v -2.140192 2.017648 -1.653192
v -2.112114 2.268722 -1.646914
v -2.066411 2.515946 -1.640946
v -2.003116 2.758037 -1.635485
v -1.922381 2.993788 -1.630744
v -1.824470 3.222068 -1.626944
v -1.709762 3.441822 -1.624318
v -1.578754 3.652068 -1.623109
v -1.432055 3.851903 -1.623572
v -1.270392 4.040496 -1.625973
v -1.094597 4.217091 -1.630580
v -0.905584 4.380985 -1.637640
v -0.704338 4.531531 -1.647373
v -0.491918 4.668134 -1.659967
v -0.269456 4.790252 -1.675583
v -0.038153 4.897393 -1.694352
v 0.200713 4.989122 -1.716376
v 0.445795 5.065054 -1.741726
v 0.695672 5.124859 -1.770449
v 0.948850 5.168255 -1.802556
v 1.203764 5.195020 -1.838035
v 1.458776 5.204978 -1.876841
v 1.712175 5.198010 -1.918902
v 1.962188 5.174051 -1.964116
v 2.207081 5.133114 -2.012353
v 2.445245 5.075312 -2.063456
v 2.675210 5.000861 -2.117245
v 2.895642 4.910078 -2.173508
v 3.105339 4.803380 -2.232010
v 3.303238 4.681288 -2.292489
v 3.488411 4.544424 -2.354656
v 3.660066 4.393512 -2.418196
v 3.817547 4.229377 -2.482765
v 3.960330 4.052947 -2.547997
v 4.088034 3.865250 -2.613497
v 4.200407 3.667417 -2.678841
v 4.297336 3.460679 -2.743583
v 4.378793 3.246327 -2.807262
v 4.444726 3.025614 -2.869444
v 4.495022 2.799718 -2.929723
v 4.529506 2.569752 -2.987729
v 4.547948 2.336759 -3.043127
v 4.550056 2.101711 -3.095611
v 4.535479 1.865513 -3.144910
v 4.503806 1.628999 -3.190787
v 4.454567 1.392934 -3.233039
v 4.387233 1.158015 -3.271491
v 4.301214 0.924869 -3.306007
v 4.195862 0.694052 -3.336482
v 4.070469 0.466053 -3.362843
v 3.924284 0.241303 -3.385051
v 3.756631 0.020264 -3.403090
v 3.567003 -0.196502 -3.416967
v 3.355069 -0.408327 -3.426704
v 3.120671 -0.614439 -3.432347
v 2.863825 -0.813964 -3.433958
v 2.584722 -1.005919 -3.431622
v 2.283727 -1.189220 -3.425439
v 1.961380 -1.362678 -3.415532
v 1.618394 -1.524999 -3.402042
v 1.255656 -1.674784 -3.385129
v 0.874232 -1.810532 -3.364974
v 0.475354 -1.930633 -3.341777
v 0.060442 -2.033380 -3.315756
v -0.368932 -2.117059 -3.287152
v -0.811031 -2.180150 -3.256232
v -1.263966 -2.221376 -3.223291
v -1.725691 -2.239694 -3.188649
v -2.194009 -2.234305 -3.152655
v -2.666566 -2.204646 -3.115686
v -3.140856 -2.150395 -3.078145
v -3.614218 -2.071470 -3.040461
v -4.083837 -1.968026 -3.003093
v -4.546742 -1.840460 -2.966526
v -4.999812 -1.689408 -2.931272
v -5.439768 -1.515743 -2.897870
v -5.863177 -1.320580 -2.866886
v -6.266502 -1.105258 -2.838906
v -6.646388 -0.871253 -2.814473
v -6.999852 -0.620123 -2.794052
v -7.324289 -0.353502 -2.778032
v -7.617476 -0.073106 -2.766718
v -7.877562 0.219275 -2.760339
v -8.103082 0.521768 -2.759042
v -8.292944 0.832426 -2.762896
v -8.446442 1.149220 -2.771890
v -8.563242 1.470045 -2.785934
v -8.643393 1.792716 -2.804859
v -8.687319 2.114971 -2.828414
v -8.695830 2.434469 -2.856272
v -8.670104 2.748793 -2.888026
v -8.611599 3.055521 -2.923222
v -8.521888 3.352347 -2.961425
v -8.402622 3.637105 -3.002217
v -8.255533 3.907761 -3.045207
v -8.082439 4.162426 -3.090027
v -7.885236 4.399343 -3.136331
v -7.665902 4.616896 -3.183797
v -7.426496 4.813606 -3.232126
v -7.169161 4.988132 -3.281044
v -6.896119 5.139271 -3.330298
v -6.609675 5.265956 -3.379660
v -6.312215 5.367260 -3.428924
v -6.006206 5.442393 -3.477907
v -5.694191 5.490709 -3.526452
v -5.378752 5.511730 -3.574408
v -5.062488 5.505164 -3.621636
v -4.748020 5.470902 -3.668005
v -4.437989 5.409021 -3.713390
v -4.135053 5.319782 -3.757676
v -3.841890 5.203630 -3.800753
v -3.561200 5.061196 -3.842520
v -3.295700 4.893294 -3.882887
v -3.048126 4.700923 -3.921766
v -2.821235 4.485267 -3.959082
v -2.617803 4.247694 -3.994765
v -2.440624 3.989758 -4.028753
v -2.292504 3.713192 -4.060992
v -2.176066 3.419860 -4.091424
v -2.093481 3.111680 -4.119969
v -2.046430 2.790608 -4.146520
v -2.036100 2.458649 -4.170952
v -2.063187 2.117843 -4.193112
v -2.127894 1.770275 -4.212824
v -2.229933 1.418074 -4.229887
v -2.368525 1.063410 -4.244079
v -2.542396 0.708492 -4.255150
v -2.749783 0.355576 -4.262831
v -2.988429 0.006957 -4.266824
v -3.255587 -0.335027 -4.266811
v -3.548017 -0.667996 -4.262449
v -3.862075 -0.989580 -4.253367
v -4.194070 -1.297632 -4.239165
v -4.540419 -1.590321 -4.219404
v -4.897652 -1.866132 -4.193609
v -5.262410 -2.123868 -4.161272
v -5.631447 -2.362652 -4.121846
v -6.001630 -2.581923 -4.074748
v -6.369938 -2.781437 -4.019360
v -6.733463 -2.961270 -3.955028
v -7.089408 -3.121813 -3.881061
v -7.435089 -3.263778 -3.796733
v -7.767932 -3.388192 -3.701282
v -8.085484 -3.496401 -3.593909
v -8.385393 -3.590056 -3.473781
v -8.665449 -3.670928 -3.340083
v -8.923583 -3.740686 -3.192070
v -9.157892 -3.800875 -3.029074
v -9.366613 -3.852911 -2.850508
v -9.548148 -3.898087 -2.655862
v -9.701045 -3.937566 -2.444703
v -9.824011 -3.972386 -2.216678
v -9.915903 -4.003459 -1.971511
v -9.975733 -4.031572 -1.709006
v -10.002666 -4.057383 -1.429043
v -9.996022 -4.081424 -1.131582
v -9.955274 -4.104102 -0.816661
v -9.880047 -4.125698 -0.484394
v -9.769862 -4.146303 -0.134856
v -9.623302 -4.165636 0.232309
v -9.437706 -4.182962 0.618027
v -9.209156 -4.197098 1.023803
v -8.932487 -4.206410 1.451712
v -8.601280 -4.208813 1.904409
v -8.207865 -4.201775 2.385119
v -7.743320 -4.182308 2.897644
v -7.197474 -4.146979 3.446362
v -6.558900 -4.091902 4.036222
v -5.814922 -4.012741 4.672752
v -4.951616 -3.904711 5.362053
v -3.953799 -3.762575 6.110800
l 1 2
l 2 3
l 3 4
l 4 5
l 5 6
l 6 7
l 7 8
l 8 9
l 9 10
l 10 11
l 11 12
l 12 13
l 13 14
l 14 15
l 15 16
l 16 17
l 17 18
l 18 19
l 19 20
l 20 21
l 21 22
l 22 23
l 23 24
l 24 25
l 25 26
l 26 27
l 27 28
l 28 29
l 29 30
l 30 31
l 31 32
l 32 33
l 33 34
l 34 35
l 35 36
l 36 37
l 37 38
l 38 39
l 39 40
l 40 41
l 41 42
l 42 43
l 43 44
l 44 45
l 45 46
l 46 47
l 47 48
l 48 49
l 49 50
l 50 51
l 51 52
l 52 53
l 53 54
l 54 55
l 55 56
l 56 57
l 57 58
l 58 59
l 59 60
l 60 61
l 61 62
l 62 63
l 63 64
l 64 65
l 65 66
l 66 67
l 67 68
l 68 69
l 69 70
l 70 71
l 71 72
l 72 73
l 73 74
l 74 75
l 75 76
l 76 77
l 77 78
l 78 79
l 79 80
l 80 81
l 81 82
l 82 83
l 83 84
l 84 85
l 85 86
l 86 87
l 87 88
l 88 89
l 89 90
l 90 91
l 91 92
l 92 93
l 93 94
l 94 95
l 95 96
l 96 97
l 97 98
l 98 99
l 99 100
l 100 101
l 101 102
l 102 103
l 103 104
l 104 105
l 105 106
l 106 107
l 107 108
l 108 109
l 109 110
l 110 111
l 111 112
l 112 113
l 113 114
l 114 115
l 115 116
l 116 117
l 117 118
l 118 119
l 119 120
l 120 121
l 121 122
l 122 123
l 123 124
l 124 125
l 125 126
l 126 127
l 127 128
l 128 129
l 129 130
l 130 131
l 131 132
l 132 133
l 133 134
l 134 135
l 135 136
l 136 137
l 137 138
l 138 139
l 139 140
l 140 141
l 141 142
l 142 143
l 143 144
l 144 145
l 145 146
l 146 147
l 147 148
l 148 149
l 149 150
l 150 151
l 151 152
l 152 153
l 153 154
l 154 155
l 155 156
l 156 157
l 157 158
l 158 159
l 159 160
l 160 161
l 161 162
l 162 163
l 163 164
l 164 165
l 165 166
l 166 167
l 167 168
l 168 169
l 169 170
l 170 171
l 171 172
l 172 173
l 173 174
l 174 175
l 175 176
l 176 177
l 177 178
l 178 179
l 179 180
l 180 181
l 181 182
l 182 183
l 183 184
l 184 185
l 185 186
l 186 187
l 187 188
l 188 189
l 189 190
l 190 191
l 191 192
l 192 193
l 193 194
l 194 195
l 195 196
l 196 197
l 197 198
l 198 199
l 199 200
l 200 201
l 201 202
l 202 203
l 203 204
l 204 205
l 205 206
l 206 207
l 207 208
l 208 209
l 209 210
l 210 211
l 211 212
l 212 213
l 213 214
l 214 215
l 215 216
l 216 217
l 217 218
l 218 219
l 219 220
l 220 221
l 221 222
l 222 223
l 223 224
l 224 225
l 225 226
l 226 227
l 227 228
l 228 229
l 229 230
l 230 231
l 231 232
l 232 233
l 233 234
l 234 235
l 235 236
l 236 237
l 237 238
l 238 239
l 239 240
l 240 241
l 241 242
l 242 243
l 243 244
l 244 245
l 245 246
l 246 247
l 247 248
l 248 249
l 249 250
l 250 251
l 251 252
l 252 253
l 253 254
l 254 255
l 255 256
l 256 257
l 257 258
l 258 259
l 259 260
l 260 261
l 261 262
l 262 263
l 263 264
l 264 265
l 265 266
l 266 267
l 267 268
l 268 269
l 269 270
l 270 271
l 271 272
l 272 273
l 273 274
l 274 275
l 275 276
l 276 277
l 277 278
l 278 279
l 279 280
l 280 281
l 281 282
l 282 283
l 283 284
l 284 285
l 285 286
l 286 287
l 287 288
l 288 289
l 289 290
l 290 291
l 291 292
l 292 293
l 293 294
l 294 295
l 295 296
l 296 297
l 297 298
l 298 299
l 299 300
l 300 301
l 301 302
l 302 303
l 303 304
l 304 305
l 305 306
l 306 307
l 307 308
l 308 309
l 309 310
l 310 311
l 311 312
l 312 313
l 313 314
l 314 315
l 315 316
l 316 317
l 317 318
l 318 319
l 319 320
l 320 321
l 321 322
l 322 323
l 323 324
